*=partially

10001
10004
10009
||
10012
10015
10016
10021
||
10027
10029
10031
10032
10035
10044
10047
10048
10050
10052
10056
10057
10059
10060
10062
10064
10066
||
10069
10071
10072
10074
10082
10083
10084
10086
||
10088
10090
10099
10100
10103
10105
10109
10110
10123
10125
10127
10133
10135
||
10138
10142
10150
10156
||
10160
10162
||
10165
10167
10170
10172
10178
10181
10183
10184
10186
10187
10189
10191
10192
10194
10197
10200
10201
10207
10208
10214
||
10218
10220
||
10225
10227
10231
||
10233
10238
10239
*10240
10241
||
10244
10247
||
10251
10267
10268
10270
10280
10284
10288
10289
10293
*10298
10301
10309
*10311
10312